<?xml version="1.0" encoding="UTF-8" standalone="yes" ?>
<root>
    <compose id="1" type="1" design="3050101" material1="3050109" num1="3" material2="3050017" num2="5" money="80" vitality="100" item1="8300002" pct1="500" item2="8300004" pct2="500" item3="8300102" pct3="2000" item4="8300104" pct4="2000" item5="8300202" pct5="2000" item6="8300204" pct6="2000" item7="8300302" pct7="500" item8="8300304" pct8="500" />
    <compose id="2" type="1" design="3050102" material1="3050109" num1="3" material2="3050017" num2="5" money="80" vitality="100" item1="8300012" pct1="500" item2="8300014" pct2="500" item3="8300112" pct3="2000" item4="8300114" pct4="2000" item5="8300212" pct5="2000" item6="8300214" pct6="2000" item7="8300312" pct7="500" item8="8300314" pct8="500" />
    <compose id="3" type="1" design="3050103" material1="3050109" num1="2" material2="3050017" num2="3" money="40" vitality="100" item1="8300001" pct1="500" item2="8300003" pct2="500" item3="8300101" pct3="2000" item4="8300103" pct4="2000" item5="8300201" pct5="2000" item6="8300203" pct6="2000" item7="8300301" pct7="500" item8="8300303" pct8="500" />
    <compose id="4" type="1" design="3050104" material1="3050109" num1="2" material2="3050017" num2="3" money="40" vitality="100" item1="8300011" pct1="500" item2="8300013" pct2="500" item3="8300111" pct3="2000" item4="8300113" pct4="2000" item5="8300211" pct5="2000" item6="8300213" pct6="2000" item7="8300311" pct7="500" item8="8300313" pct8="500" />
    <compose id="5" type="1" design="3050105" material1="3050109" num1="2" material2="3050003" num2="200" money="40" vitality="100" item1="8340301" pct1="800" item2="8341301" pct2="1400" item3="8344301" pct3="400" item4="8342301" pct4="1400" item5="8345301" pct5="1400" item6="8347301" pct6="800" item7="8348301" pct7="1400" item8="8350301" pct8="1400" item9="8351301" pct9="800" item10="8346301" pct10="200" />
    <compose id="6" type="1" design="3050106" material1="3050109" num1="3" material2="3050003" num2="300" money="80" vitality="100" item1="8340302" pct1="600" item2="8341302" pct2="1200" item3="8343302" pct3="300" item4="8344302" pct4="600" item5="8342302" pct5="1200" item6="8345302" pct6="1200" item7="8347302" pct7="600" item8="8348302" pct8="1200" item9="8349302" pct9="1200" item10="8350302" pct10="1000" item11="8351302" pct11="600" item12="8346302" pct12="300" />
    <compose id="7" type="1" design="3050107" material1="3050109" num1="1" material2="3050003" num2="100" money="20" vitality="100" item1="8343303" pct1="1000" item2="8344303" pct2="1900" item3="8345303" pct3="2300" item4="8350303" pct4="2300" item5="8351303" pct5="1900" item6="8346303" pct6="600" />
    <compose id="8" type="1" design="3050108" material1="3050109" num1="1" material2="3050003" num2="100" money="20" vitality="100" item1="8340304" pct1="800" item2="8341304" pct2="800" item3="8343304" pct3="400" item4="8344304" pct4="800" item5="8342304" pct5="1500" item6="8347304" pct6="800" item7="8348304" pct7="1200" item8="8349304" pct8="1500" item9="8350304" pct9="1200" item10="8351304" pct10="800" item11="8346304" pct11="200" />
    <compose id="9" type="2" design="3030001" material1="3030111" num1="1" money="1" vitality="10" item1="3030009" pct1="2500" item2="3030029" pct2="1500" item3="3030037" pct3="2500" item4="3030072" pct4="1500" item5="3030080" pct5="2000" />
    <compose id="10" type="2" design="3030002" material1="3030111" num1="1" money="2" vitality="20" item1="3030010" pct1="2500" item2="3030030" pct2="1500" item3="3030038" pct3="2500" item4="3030073" pct4="1500" item5="3030081" pct5="2000" />
    <compose id="11" type="2" design="3030003" material1="3030111" num1="2" money="5" vitality="30" item1="3030011" pct1="2500" item2="3030031" pct2="1500" item3="3030039" pct3="2500" item4="3030074" pct4="1500" item5="3030082" pct5="2000" />
    <compose id="12" type="2" design="3030004" material1="3030111" num1="2" material2="3030127" num2="1" money="10" vitality="40" item1="3030012" pct1="2500" item2="3030032" pct2="1500" item3="3030040" pct3="2500" item4="3030075" pct4="1500" item5="3030083" pct5="2000" />
    <compose id="13" type="2" design="3030005" material1="3030111" num1="3" material2="3030127" num2="2" money="20" vitality="50" item1="3030013" pct1="2500" item2="3030033" pct2="1500" item3="3030041" pct3="2500" item4="3030076" pct4="1500" item5="3030084" pct5="2000" />
    <compose id="14" type="2" design="3030006" material1="3030111" num1="3" material2="3030127" num2="4" money="50" vitality="60" item1="3030014" pct1="2500" item2="3030034" pct2="1500" item3="3030042" pct3="2500" item4="3030077" pct4="1500" item5="3030085" pct5="2000" />
    <compose id="15" type="2" design="3030007" material1="3030111" num1="4" material2="3030127" num2="8" money="100" vitality="70" item1="3030015" pct1="2500" item2="3030035" pct2="1500" item3="3030043" pct3="2500" item4="3030078" pct4="1500" item5="3030086" pct5="2000" />
    <compose id="16" type="2" design="3030009" material1="3030111" num1="1" money="1" vitality="10" item1="3030001" pct1="2500" item2="3030029" pct2="1500" item3="3030037" pct3="2500" item4="3030072" pct4="1500" item5="3030080" pct5="2000" />
    <compose id="17" type="2" design="3030010" material1="3030111" num1="1" money="2" vitality="20" item1="3030002" pct1="2500" item2="3030030" pct2="1500" item3="3030038" pct3="2500" item4="3030073" pct4="1500" item5="3030081" pct5="2000" />
    <compose id="18" type="2" design="3030011" material1="3030111" num1="2" money="5" vitality="30" item1="3030003" pct1="2500" item2="3030031" pct2="1500" item3="3030039" pct3="2500" item4="3030074" pct4="1500" item5="3030082" pct5="2000" />
    <compose id="19" type="2" design="3030012" material1="3030111" num1="2" material2="3030127" num2="1" money="10" vitality="40" item1="3030004" pct1="2500" item2="3030032" pct2="1500" item3="3030040" pct3="2500" item4="3030075" pct4="1500" item5="3030083" pct5="2000" />
    <compose id="20" type="2" design="3030013" material1="3030111" num1="3" material2="3030127" num2="2" money="20" vitality="50" item1="3030005" pct1="2500" item2="3030033" pct2="1500" item3="3030041" pct3="2500" item4="3030076" pct4="1500" item5="3030084" pct5="2000" />
    <compose id="21" type="2" design="3030014" material1="3030111" num1="3" material2="3030127" num2="4" money="50" vitality="60" item1="3030006" pct1="2500" item2="3030034" pct2="1500" item3="3030042" pct3="2500" item4="3030077" pct4="1500" item5="3030085" pct5="2000" />
    <compose id="22" type="2" design="3030015" material1="3030111" num1="4" material2="3030127" num2="8" money="100" vitality="70" item1="3030007" pct1="2500" item2="3030035" pct2="1500" item3="3030043" pct3="2500" item4="3030078" pct4="1500" item5="3030086" pct5="2000" />
    <compose id="23" type="2" design="3030029" material1="3030111" num1="1" money="1" vitality="10" item1="3030001" pct1="1500" item2="3030009" pct2="2500" item3="3030037" pct3="2500" item4="3030072" pct4="1500" item5="3030080" pct5="2000" />
    <compose id="24" type="2" design="3030030" material1="3030111" num1="1" money="2" vitality="20" item1="3030002" pct1="1500" item2="3030010" pct2="2500" item3="3030038" pct3="2500" item4="3030073" pct4="1500" item5="3030081" pct5="2000" />
    <compose id="25" type="2" design="3030031" material1="3030111" num1="2" money="5" vitality="30" item1="3030003" pct1="1500" item2="3030011" pct2="2500" item3="3030039" pct3="2500" item4="3030074" pct4="1500" item5="3030082" pct5="2000" />
    <compose id="26" type="2" design="3030032" material1="3030111" num1="2" material2="3030127" num2="1" money="10" vitality="40" item1="3030004" pct1="1500" item2="3030012" pct2="2500" item3="3030040" pct3="2500" item4="3030075" pct4="1500" item5="3030083" pct5="2000" />
    <compose id="27" type="2" design="3030033" material1="3030111" num1="3" material2="3030127" num2="2" money="20" vitality="50" item1="3030005" pct1="1500" item2="3030013" pct2="2500" item3="3030041" pct3="2500" item4="3030076" pct4="1500" item5="3030084" pct5="2000" />
    <compose id="28" type="2" design="3030034" material1="3030111" num1="3" material2="3030127" num2="4" money="50" vitality="60" item1="3030006" pct1="1500" item2="3030014" pct2="2500" item3="3030042" pct3="2500" item4="3030077" pct4="1500" item5="3030085" pct5="2000" />
    <compose id="29" type="2" design="3030035" material1="3030111" num1="4" material2="3030127" num2="8" money="100" vitality="70" item1="3030007" pct1="1500" item2="3030015" pct2="2500" item3="3030043" pct3="2500" item4="3030078" pct4="1500" item5="3030086" pct5="2000" />
    <compose id="30" type="2" design="3030037" material1="3030111" num1="1" money="1" vitality="10" item1="3030001" pct1="1500" item2="3030009" pct2="2500" item3="3030029" pct3="2500" item4="3030072" pct4="1500" item5="3030080" pct5="2000" />
    <compose id="31" type="2" design="3030038" material1="3030111" num1="1" money="2" vitality="20" item1="3030002" pct1="1500" item2="3030010" pct2="2500" item3="3030030" pct3="2500" item4="3030073" pct4="1500" item5="3030081" pct5="2000" />
    <compose id="32" type="2" design="3030039" material1="3030111" num1="2" money="5" vitality="30" item1="3030003" pct1="1500" item2="3030011" pct2="2500" item3="3030031" pct3="2500" item4="3030074" pct4="1500" item5="3030082" pct5="2000" />
    <compose id="33" type="2" design="3030040" material1="3030111" num1="2" material2="3030127" num2="1" money="10" vitality="40" item1="3030004" pct1="1500" item2="3030012" pct2="2500" item3="3030032" pct3="2500" item4="3030075" pct4="1500" item5="3030083" pct5="2000" />
    <compose id="34" type="2" design="3030041" material1="3030111" num1="3" material2="3030127" num2="2" money="20" vitality="50" item1="3030005" pct1="1500" item2="3030013" pct2="2500" item3="3030033" pct3="2500" item4="3030076" pct4="1500" item5="3030084" pct5="2000" />
    <compose id="35" type="2" design="3030042" material1="3030111" num1="3" material2="3030127" num2="4" money="50" vitality="60" item1="3030006" pct1="1500" item2="3030014" pct2="2500" item3="3030034" pct3="2500" item4="3030077" pct4="1500" item5="3030085" pct5="2000" />
    <compose id="36" type="2" design="3030043" material1="3030111" num1="4" material2="3030127" num2="8" money="100" vitality="70" item1="3030007" pct1="1500" item2="3030015" pct2="2500" item3="3030035" pct3="2500" item4="3030078" pct4="1500" item5="3030086" pct5="2000" />
    <compose id="37" type="2" design="3030072" material1="3030111" num1="1" money="1" vitality="10" item1="3030001" pct1="2500" item2="3030009" pct2="1500" item3="3030029" pct3="2500" item4="3030037" pct4="1500" item5="3030080" pct5="2000" />
    <compose id="38" type="2" design="3030073" material1="3030111" num1="1" money="2" vitality="20" item1="3030002" pct1="2500" item2="3030010" pct2="1500" item3="3030030" pct3="2500" item4="3030038" pct4="1500" item5="3030081" pct5="2000" />
    <compose id="39" type="2" design="3030074" material1="3030111" num1="2" money="5" vitality="30" item1="3030003" pct1="2500" item2="3030011" pct2="1500" item3="3030031" pct3="2500" item4="3030039" pct4="1500" item5="3030082" pct5="2000" />
    <compose id="40" type="2" design="3030075" material1="3030111" num1="2" material2="3030127" num2="1" money="10" vitality="40" item1="3030004" pct1="2500" item2="3030012" pct2="1500" item3="3030032" pct3="2500" item4="3030040" pct4="1500" item5="3030083" pct5="2000" />
    <compose id="41" type="2" design="3030076" material1="3030111" num1="3" material2="3030127" num2="2" money="20" vitality="50" item1="3030005" pct1="2500" item2="3030013" pct2="1500" item3="3030033" pct3="2500" item4="3030041" pct4="1500" item5="3030084" pct5="2000" />
    <compose id="42" type="2" design="3030077" material1="3030111" num1="3" material2="3030127" num2="4" money="50" vitality="60" item1="3030006" pct1="2500" item2="3030014" pct2="1500" item3="3030034" pct3="2500" item4="3030042" pct4="1500" item5="3030085" pct5="2000" />
    <compose id="43" type="2" design="3030078" material1="3030111" num1="4" material2="3030127" num2="8" money="100" vitality="70" item1="3030007" pct1="2500" item2="3030015" pct2="1500" item3="3030035" pct3="2500" item4="3030043" pct4="1500" item5="3030086" pct5="2000" />
    <compose id="44" type="2" design="3030080" material1="3030111" num1="1" money="1" vitality="10" item1="3030001" pct1="1500" item2="3030009" pct2="2500" item3="3030029" pct3="2000" item4="3030037" pct4="2500" item5="3030072" pct5="1500" />
    <compose id="45" type="2" design="3030081" material1="3030111" num1="1" money="2" vitality="20" item1="3030002" pct1="1500" item2="3030010" pct2="2500" item3="3030030" pct3="2000" item4="3030038" pct4="2500" item5="3030073" pct5="1500" />
    <compose id="46" type="2" design="3030082" material1="3030111" num1="2" money="5" vitality="30" item1="3030003" pct1="1500" item2="3030011" pct2="2500" item3="3030031" pct3="2000" item4="3030039" pct4="2500" item5="3030074" pct5="1500" />
    <compose id="47" type="2" design="3030083" material1="3030111" num1="2" material2="3030127" num2="1" money="10" vitality="40" item1="3030004" pct1="1500" item2="3030012" pct2="2500" item3="3030032" pct3="2000" item4="3030040" pct4="2500" item5="3030075" pct5="1500" />
    <compose id="48" type="2" design="3030084" material1="3030111" num1="3" material2="3030127" num2="2" money="20" vitality="50" item1="3030005" pct1="1500" item2="3030013" pct2="2500" item3="3030033" pct3="2000" item4="3030041" pct4="2500" item5="3030076" pct5="1500" />
    <compose id="49" type="2" design="3030085" material1="3030111" num1="3" material2="3030127" num2="4" money="50" vitality="60" item1="3030006" pct1="1500" item2="3030014" pct2="2500" item3="3030034" pct3="2000" item4="3030042" pct4="2500" item5="3030077" pct5="1500" />
    <compose id="50" type="2" design="3030086" material1="3030111" num1="4" material2="3030127" num2="8" money="100" vitality="70" item1="3030007" pct1="1500" item2="3030015" pct2="2500" item3="3030035" pct3="2000" item4="3030043" pct4="2500" item5="3030078" pct5="1500" />
    <compose id="51" type="1" design="3050201" material1="3050109" num1="3" material2="3050017" num2="5" money="80" vitality="100" item1="8363001" pct1="2500" item2="8363002" pct2="5000" item3="8363004" pct3="2500" />
    <compose id="52" type="1" design="3050202" material1="3050109" num1="3" material2="3050017" num2="5" money="80" vitality="100" item1="8363011" pct1="2000" item2="8363012" pct2="4000" item3="8363013" pct3="2000" item4="8363014" pct4="2000" />
    <compose id="53" type="1" design="3050301" material1="3050109" num1="12" material2="3050111" num2="10" money="20" vitality="100" item1="8383001" pct1="1500" item2="8383002" pct2="2500" item3="8383004" pct3="1000" item4="8393001" pct4="1500" item5="8393002" pct5="2500" item6="8393004" pct6="1000" />
    <compose id="54" type="1" design="3050302" material1="3050109" num1="12" material2="3050111" num2="10" money="20" vitality="100" item1="8383011" pct1="1000" item2="8383012" pct2="2000" item3="8383014" pct3="1000" item4="8393011" pct4="1000" item5="8393012" pct5="2000" item6="8393013" pct6="1500" item7="8393014" pct7="1500" />
    <compose id="55" type="1" design="3050303" material1="3050109" num1="12" material2="3050111" num2="10" money="20" vitality="100" item1="8373001" pct1="2000" item2="8373002" pct2="4000" item3="8373003" pct3="2000" item4="8373004" pct4="2000" />
    <compose id="56" type="1" design="3050401" material1="3050112" num1="5" material2="4400001" num2="20" money="500" vitality="200" item1="8396001" pct1="8000" item2="8400001" pct2="2000" />
    <compose id="57" type="1" design="3050402" material1="3050112" num1="20" material2="4400001" num2="50" money="2000" vitality="200" item1="8394001" pct1="1600" item2="8395001" pct2="1600" item3="8396002" pct3="1600" item4="8397001" pct4="1600" item5="8398001" pct5="1600" item6="8399001" pct6="1500" item7="8400002" pct7="500" />
    <compose id="58" type="1" design="3050403" material1="3050112" num1="10" material2="4400001" num2="40" money="1200" vitality="200" item1="8394002" pct1="2300" item2="8395002" pct2="2300" item3="8396003" pct3="2300" item4="8397002" pct4="2300" item5="8400003" pct5="800" />
    <compose id="59" type="1" design="3050404" material1="3050112" num1="10" material2="4400001" num2="40" money="1200" vitality="200" item1="8394003" pct1="1600" item2="8395003" pct2="1600" item3="8396004" pct3="1600" item4="8397003" pct4="1600" item5="8398002" pct5="1600" item6="8399003" pct6="1500" item7="8400004" pct7="500" />
    <compose id="60" type="3" design="3051601" material1="3030031" num1="1" material2="3030039" num2="1" money="1" vitality="0" item1="3030421" pct1="10000" />
    <compose id="61" type="3" design="3051602" material1="3030032" num1="1" material2="3030040" num2="1" money="1" vitality="0" item1="3030422" pct1="10000" />
    <compose id="62" type="3" design="3051603" material1="3030033" num1="1" material2="3030041" num2="1" money="1" vitality="0" item1="3030423" pct1="10000" />
    <compose id="63" type="3" design="3051604" material1="3030034" num1="1" material2="3030042" num2="1" money="1" vitality="0" item1="3030424" pct1="10000" />
    <compose id="64" type="3" design="3051605" material1="3030035" num1="1" material2="3030043" num2="1" money="1" vitality="0" item1="3030425" pct1="10000" />
    <compose id="65" type="3" design="3051606" material1="3030036" num1="1" material2="3030044" num2="1" money="1" vitality="0" item1="3030426" pct1="10000" />
    <compose id="66" type="3" design="3051501" material1="3030203" num1="1" material2="3050084" num2="3" money="1" vitality="0" item1="3030301" pct1="2500" item2="3030306" pct2="2500" item3="3030311" pct3="2500" item4="3030316" pct4="2500" />
    <compose id="67" type="3" design="3051502" material1="3030204" num1="1" material2="3050084" num2="6" money="1" vitality="0" item1="3030302" pct1="2500" item2="3030307" pct2="2500" item3="3030312" pct3="2500" item4="3030317" pct4="2500" />
    <compose id="68" type="3" design="3051503" material1="3030205" num1="1" material2="3050085" num2="2" money="1" vitality="0" item1="3030303" pct1="2500" item2="3030308" pct2="2500" item3="3030313" pct3="2500" item4="3030318" pct4="2500" />
    <compose id="69" type="3" design="3051504" material1="3030206" num1="1" material2="3050085" num2="4" money="1" vitality="0" item1="3030304" pct1="2500" item2="3030309" pct2="2500" item3="3030314" pct3="2500" item4="3030319" pct4="2500" />
    <compose id="70" type="3" design="3051505" material1="3030207" num1="1" material2="3050085" num2="8" money="1" vitality="0" item1="3030305" pct1="2500" item2="3030310" pct2="2500" item3="3030315" pct3="2500" item4="3030320" pct4="2500" />
    <compose id="71" type="3" design="3051401" material1="3030210" num1="1" material2="3050084" num2="3" money="1" vitality="0" item1="3030321" pct1="2500" item2="3030326" pct2="2500" item3="3030331" pct3="2500" item4="3030336" pct4="2500" />
    <compose id="72" type="3" design="3051402" material1="3030211" num1="1" material2="3050084" num2="6" money="1" vitality="0" item1="3030322" pct1="2500" item2="3030327" pct2="2500" item3="3030332" pct3="2500" item4="3030337" pct4="2500" />
    <compose id="73" type="3" design="3051403" material1="3030212" num1="1" material2="3050085" num2="2" money="1" vitality="0" item1="3030323" pct1="2500" item2="3030328" pct2="2500" item3="3030333" pct3="2500" item4="3030338" pct4="2500" />
    <compose id="74" type="3" design="3051404" material1="3030213" num1="1" material2="3050085" num2="4" money="1" vitality="0" item1="3030324" pct1="2500" item2="3030329" pct2="2500" item3="3030334" pct3="2500" item4="3030339" pct4="2500" />
    <compose id="75" type="3" design="3051405" material1="3030214" num1="1" material2="3050085" num2="8" money="1" vitality="0" item1="3030325" pct1="2500" item2="3030330" pct2="2500" item3="3030335" pct3="2500" item4="3030340" pct4="2500" />
    <compose id="76" type="3" design="3051301" material1="3030254" num1="1" material2="3050084" num2="3" money="1" vitality="0" item1="3030341" pct1="1000" item2="3030346" pct2="1000" item3="3030351" pct3="2000" item4="3030356" pct4="2500" item5="3030361" pct5="2500" item6="3030366" pct6="1000" />
    <compose id="77" type="3" design="3051302" material1="3030255" num1="1" material2="3050084" num2="6" money="1" vitality="0" item1="3030342" pct1="1000" item2="3030347" pct2="1000" item3="3030352" pct3="2000" item4="3030357" pct4="2500" item5="3030362" pct5="2500" item6="3030367" pct6="1000" />
    <compose id="78" type="3" design="3051303" material1="3030256" num1="1" material2="3050085" num2="2" money="1" vitality="0" item1="3030343" pct1="1000" item2="3030348" pct2="1000" item3="3030353" pct3="2000" item4="3030358" pct4="2500" item5="3030363" pct5="2500" item6="3030368" pct6="1000" />
    <compose id="79" type="3" design="3051304" material1="3030257" num1="1" material2="3050085" num2="4" money="1" vitality="0" item1="3030344" pct1="1000" item2="3030349" pct2="1000" item3="3030354" pct3="2000" item4="3030359" pct4="2500" item5="3030364" pct5="2500" item6="3030369" pct6="1000" />
    <compose id="80" type="3" design="3051305" material1="3030258" num1="1" material2="3050085" num2="8" money="1" vitality="0" item1="3030345" pct1="1000" item2="3030350" pct2="1000" item3="3030355" pct3="2000" item4="3030360" pct4="2500" item5="3030365" pct5="2500" item6="3030370" pct6="1000" />
    <compose id="81" type="3" design="3051101" material1="3030236" num1="1" material2="3050084" num2="3" money="1" vitality="0" item1="3030371" pct1="2500" item2="3030376" pct2="1500" item3="3030381" pct3="2000" item4="3030386" pct4="2000" item5="3030391" pct5="2000" />
    <compose id="82" type="3" design="3051102" material1="3030237" num1="1" material2="3050084" num2="6" money="1" vitality="0" item1="3030372" pct1="2500" item2="3030377" pct2="1500" item3="3030382" pct3="2000" item4="3030387" pct4="2000" item5="3030392" pct5="2000" />
    <compose id="83" type="3" design="3051103" material1="3030238" num1="1" material2="3050085" num2="2" money="1" vitality="0" item1="3030373" pct1="2500" item2="3030378" pct2="1500" item3="3030383" pct3="2000" item4="3030388" pct4="2000" item5="3030393" pct5="2000" />
    <compose id="84" type="3" design="3051104" material1="3030239" num1="1" material2="3050085" num2="4" money="1" vitality="0" item1="3030374" pct1="2500" item2="3030379" pct2="1500" item3="3030384" pct3="2000" item4="3030389" pct4="2000" item5="3030394" pct5="2000" />
    <compose id="85" type="3" design="3051105" material1="3030240" num1="1" material2="3050085" num2="8" money="1" vitality="0" item1="3030375" pct1="2500" item2="3030380" pct2="1500" item3="3030385" pct3="2000" item4="3030390" pct4="2000" item5="3030395" pct5="2000" />
    <compose id="86" type="3" design="3051201" material1="3030248" num1="1" material2="3050084" num2="3" money="1" vitality="0" item1="3030396" pct1="2000" item2="3030401" pct2="2000" item3="3030406" pct3="2000" item4="3030411" pct4="2000" item5="3030416" pct5="2000" />
    <compose id="87" type="3" design="3051202" material1="3030249" num1="1" material2="3050084" num2="6" money="1" vitality="0" item1="3030397" pct1="2000" item2="3030402" pct2="2000" item3="3030407" pct3="2000" item4="3030412" pct4="2000" item5="3030417" pct5="2000" />
    <compose id="88" type="3" design="3051203" material1="3030250" num1="1" material2="3050085" num2="2" money="1" vitality="0" item1="3030398" pct1="2000" item2="3030403" pct2="2000" item3="3030408" pct3="2000" item4="3030413" pct4="2000" item5="3030418" pct5="2000" />
    <compose id="89" type="3" design="3051204" material1="3030251" num1="1" material2="3050085" num2="4" money="1" vitality="0" item1="3030399" pct1="2000" item2="3030404" pct2="2000" item3="3030409" pct3="2000" item4="3030414" pct4="2000" item5="3030419" pct5="2000" />
    <compose id="90" type="3" design="3051205" material1="3030252" num1="1" material2="3050085" num2="8" money="1" vitality="0" item1="3030400" pct1="2000" item2="3030405" pct2="2000" item3="3030410" pct3="2000" item4="3030415" pct4="2000" item5="3030420" pct5="2000" />
    <compose id="91" type="2" design="3030008" material1="3030111" num1="8" material2="3030127" num2="16" money="200" vitality="140" item1="3030016" pct1="2500" item2="3030036" pct2="1500" item3="3030044" pct3="2500" item4="3030079" pct4="1500" item5="3030087" pct5="2000" />
    <compose id="92" type="2" design="3030016" material1="3030111" num1="8" material2="3030127" num2="16" money="200" vitality="140" item1="3030008" pct1="2500" item2="3030036" pct2="1500" item3="3030044" pct3="2500" item4="3030079" pct4="1500" item5="3030087" pct5="2000" />
    <compose id="93" type="2" design="3030036" material1="3030111" num1="8" material2="3030127" num2="16" money="200" vitality="140" item1="3030008" pct1="1500" item2="3030016" pct2="2500" item3="3030044" pct3="2500" item4="3030079" pct4="1500" item5="3030087" pct5="2000" />
    <compose id="94" type="2" design="3030044" material1="3030111" num1="8" material2="3030127" num2="16" money="200" vitality="140" item1="3030008" pct1="1500" item2="3030016" pct2="2500" item3="3030036" pct3="2500" item4="3030079" pct4="1500" item5="3030087" pct5="2000" />
    <compose id="95" type="2" design="3030079" material1="3030111" num1="8" material2="3030127" num2="16" money="200" vitality="140" item1="3030008" pct1="2500" item2="3030016" pct2="1500" item3="3030036" pct3="2500" item4="3030044" pct4="1500" item5="3030087" pct5="2000" />
    <compose id="96" type="2" design="3030087" material1="3030111" num1="8" material2="3030127" num2="16" money="200" vitality="140" item1="3030008" pct1="1500" item2="3030016" pct2="2500" item3="3030036" pct3="2000" item4="3030044" pct4="2500" item5="3030079" pct5="1500" />
    <compose id="97" type="4" design="4800250" material1="4800248" num1="25" money="200" vitality="200" item1="4820192" pct1="600" item2="4820196" pct2="800" item3="4820200" pct3="1800" item4="4820204" pct4="800" item5="4820208" pct5="1800" item6="4820212" pct6="600" item7="4820216" pct7="800" item8="4820220" pct8="1200" item9="4820224" pct9="1600" />
    <compose id="98" type="4" design="4800251" material1="4800248" num1="25" money="200" vitality="200" item1="4820193" pct1="600" item2="4820197" pct2="800" item3="4820201" pct3="1800" item4="4820205" pct4="800" item5="4820209" pct5="1800" item6="4820213" pct6="600" item7="4820217" pct7="800" item8="4820221" pct8="1200" item9="4820225" pct9="1600" />
    <compose id="99" type="4" design="4800252" material1="4800248" num1="25" money="200" vitality="200" item1="4820194" pct1="600" item2="4820198" pct2="800" item3="4820202" pct3="1800" item4="4820206" pct4="800" item5="4820210" pct5="1800" item6="4820214" pct6="600" item7="4820218" pct7="800" item8="4820222" pct8="1200" item9="4820226" pct9="1600" />
    <compose id="100" type="4" design="4800253" material1="4800248" num1="25" money="200" vitality="200" item1="4820195" pct1="600" item2="4820199" pct2="800" item3="4820203" pct3="1800" item4="4820207" pct4="800" item5="4820211" pct5="1800" item6="4820215" pct6="600" item7="4820219" pct7="800" item8="4820223" pct8="1200" item9="4820227" pct9="1600" />
    <compose id="101" type="2" design="3030154" material1="3030111" num1="15" material2="3030127" num2="30" money="400" vitality="300" item1="3030155" pct1="2500" item2="3030158" pct2="1500" item3="3030159" pct3="2500" item4="3030165" pct4="1500" item5="3030166" pct5="2000" />
    <compose id="102" type="2" design="3030155" material1="3030111" num1="15" material2="3030127" num2="30" money="400" vitality="300" item1="3030154" pct1="2500" item2="3030158" pct2="1500" item3="3030159" pct3="2500" item4="3030165" pct4="1500" item5="3030166" pct5="2000" />
    <compose id="103" type="2" design="3030158" material1="3030111" num1="15" material2="3030127" num2="30" money="400" vitality="300" item1="3030154" pct1="1500" item2="3030155" pct2="2500" item3="3030159" pct3="2500" item4="3030165" pct4="1500" item5="3030166" pct5="2000" />
    <compose id="104" type="2" design="3030159" material1="3030111" num1="15" material2="3030127" num2="30" money="400" vitality="300" item1="3030154" pct1="1500" item2="3030155" pct2="2500" item3="3030158" pct3="2500" item4="3030165" pct4="1500" item5="3030166" pct5="2000" />
    <compose id="105" type="2" design="3030165" material1="3030111" num1="15" material2="3030127" num2="30" money="400" vitality="300" item1="3030154" pct1="2500" item2="3030155" pct2="1500" item3="3030158" pct3="2500" item4="3030159" pct4="1500" item5="3030166" pct5="2000" />
    <compose id="106" type="2" design="3030166" material1="3030111" num1="15" material2="3030127" num2="30" money="400" vitality="300" item1="3030154" pct1="1500" item2="3030155" pct2="2500" item3="3030158" pct3="2000" item4="3030159" pct4="2500" item5="3030165" pct5="1500" />
    <compose id="107" type="3" design="3051615" material1="3030158" num1="1" material2="3030159" num2="1" money="1" vitality="0" item1="3030435" pct1="10000" />
    <compose id="108" type="3" design="3051614" material1="3030427" num1="1" material2="3050085" num2="16" money="1" vitality="0" item1="3030437" pct1="2500" item2="3030438" pct2="2500" item3="3030439" pct3="2500" item4="3030440" pct4="2500" />
    <compose id="109" type="3" design="3051613" material1="3030428" num1="1" material2="3050085" num2="16" money="1" vitality="0" item1="3030441" pct1="2500" item2="3030442" pct2="2500" item3="3030443" pct3="2500" item4="3030444" pct4="2500" />
    <compose id="110" type="3" design="3051612" material1="3030436" num1="1" material2="3050085" num2="16" money="1" vitality="0" item1="3030445" pct1="1000" item2="3030446" pct2="1000" item3="3030447" pct3="2000" item4="3030448" pct4="2500" item5="3030449" pct5="2500" item6="3030450" pct6="1000" />
    <compose id="111" type="3" design="3051610" material1="3030432" num1="1" material2="3050085" num2="16" money="1" vitality="0" item1="3030451" pct1="2500" item2="3030452" pct2="1500" item3="3030453" pct3="2000" item4="3030454" pct4="2000" item5="3030455" pct5="2000" />
    <compose id="112" type="3" design="3051611" material1="3030434" num1="1" material2="3050085" num2="16" money="1" vitality="0" item1="3030456" pct1="2000" item2="3030457" pct2="2000" item3="3030458" pct3="2000" item4="3030459" pct4="2000" item5="3030460" pct5="2000" />
    <compose id="113" type="5" design="3540001" material1="3530002" num1="10" material2="3050027" num2="100" money="50" vitality="20" item1="3550001" pct1="1700" item2="3550002" pct2="1700" item3="3550003" pct3="1500" item4="3550004" pct4="1500" item5="3550005" pct5="1300" item6="3550006" pct6="1300" item7="3550007" pct7="500" item8="3550008" pct8="500" />
    <compose id="114" type="5" design="3540002" material1="3530002" num1="20" material2="3050027" num2="200" money="100" vitality="20" item1="9850101" pct1="1700" item2="9850102" pct2="1700" item3="9850103" pct3="1500" item4="9850104" pct4="1500" item5="9850105" pct5="1300" item6="9850106" pct6="1300" item7="9850107" pct7="500" item8="9850108" pct8="500" />
    <compose id="115" type="5" design="3540003" material1="3530002" num1="50" material2="3050028" num2="200" money="200" vitality="20" item1="9850201" pct1="1700" item2="9850202" pct2="1700" item3="9850203" pct3="1700" item4="9850204" pct4="1700" item5="9850205" pct5="1300" item6="9850206" pct6="1300" item7="9850207" pct7="300" item8="9850208" pct8="300" />
    <compose id="116" type="5" design="3540103" material1="3560002" num1="50" material2="3500201" num2="20" money="500" vitality="20" item1="3550009" pct1="10000" />
</root>
